33
25
11
37
32
14
30
49
7
38
24
43
2
27
3
9
6
11
48
15
34
47
17
46
31
22
28
21
33
19
20
2
6
13
48
31
21
46
45
46
14
36
42
49
10
10
23
23
35
21
29
45
4
10
9
10
45
0
10
31
34
16
21
42
19
34
31
3
5
49
32
23
18
5
9
18
49
2
31
13
30
15
30
46
18
6
18
11
24
5
26
40
40
19
33
2
17
45
45
21
47
2
9
21
13
39
31
38
7
25
34
20
40
48
20
33
3
11
18
48
2
37
5
1
16
44
48
4
46
3
30
48
19
19
24
29
11
12
3
6
17
45
15
14
29
10
39
3
8
13
47
13
25
46
8
8
47
21
11
39
35
19
38
19
34
11
0
12
0
21
34
5
32
46
7
17
33
46
16
34
6
22
4
46
49
23
23
14
11
40
28
0
34
44
32
46
16
8
41
28
18
33
33
40
23
38
41
25
32
38
6
16
23
30
34
23
40
10
34
14
28
42
37
7
39
27
43
42
18
3
15
3
5
14
38
49
44
23
42
33
21
22
7
27
12
26
5
33
24
4
36
16
35
3
3
26
4
5
4
6
25
7
14
6
1
2
25
12
30
8
38
6
31
48
44
22
41
28
29
28
21
40
4
15
17
46
24
23
37
22
3
1
6
42
0
1
6
37
26
33
11
29
17
21
48
20
33
19
19
4
1
20
49
4
24
16
11
11
17
20
44
37
22
4
6
36
47
21
18
22
2
23
8
2
46
36
48
1
42
42
46
29
44
2
24
15
0
14
48
36
14
14
3
37
22
33
33
46
48
8
21
14
16
12
41
9
44
35
13
37
31
38
1
13
40
4
38
21
19
7
36
4
31
22
40
8
32
22
23
2
3
38
26
15
13
0
23
4
17
4
19
39
10
4
5
25
37
38
22
36
34
28
15
8
0
34
33
15
23
6
29
16
32
45
43
23
8
36
13
40
43
34
9
38
31
47
11
34
0
28
34
29
12
6
28
10
37
29
4
16
47
4
15
10
9
43
21
46
5
11
12
37
10
8
34
11
37
42
33
0
13
9
41
3
1
43
38
1
7
16
17
10
4
15
17
24
23
47
5
39
4
44
18
7
25
39
24
9
35
31
47
31
40
25
34
40
15
36
18
25
17
26
43
5
19
18
40
28
15
18
15
13
31
6
9
24
13
28
40
16
14
11
16
26
2
12
5
19
17
44
48
19
32
29
26
31
14
27
46
20
47
4
2
10
37
37
40
46
36
11
48
21
32
24
17
15
24
49
43
49
0
3
25
21
14
15
47
11
22
46
28
29
26
11
9
30
45
27
42
42
7
6
13
5
13
37
26
8
28
8
33
45
44
4
30
24
8
40
2
29
48
40
48
1
28
35
24
22
4
15
5
28
22
23
45
37
45
13
35
39
10
36
45
10
31
0
14
17
21
27
0
12
42
7
41
38
33
38
33
42
38
0
21
22
31
22
33
0
49
22
23
48
6
1
19
37
41
37
31
22
10
4
19
12
41
7
25
35
32
11
4
1
17
9
25
42
43
25
45
32
38
5
15
29
43
11
17
2
30
6
6
3
36
27
33
39
37
34
3
47
22
48
49
0
4
27
30
24
4
20
27
20
23
19
14
25
40
28
11
14
28
18
31
31
46
1
48
48
29
23
12
14
17
0
30
3
32
44
7
5
16
34
43
25
25
45
32
0
25
38
19
44
38
20
7
27
15
38
5
1
9
23
45
29
35
35
21
37
8
11
30
4
22
1
29
22
8
7
18
36
6
40
49
27
11
4
21
47
2
48
49
29
32
17
41
44
13
3
10
40
4
7
46
3
49
28
45
46
4
18
2
25
26
43
48
28
41
27
46
2
2
36
48
24
31
17
47
30
45
21
41
22
14
16
19
30
3
19
35
11
21
45
39
37
10
9
23
3
12
26
3
28
33
14
8
19
36
26
36
23
47
36
15
45
47
24
5
45
16
4
15
8
42
36
11
15
30
25
0
5
26
21
24
22
12
40
12
9
38
3
12
20
44
7
17
7
42
18
23
17
13
11
49
46
36
18
23
17
42
20
2
33
29
41
38
46
49
5
3
8
43
46
47
16
37
49
17
29
19
6
1
20
15
6
43
26
40
10
22
19
26
33
38
44
23
28
21
39
46
39
23
31
41
8
36
47
46
25
28
13
10
40
29
11
30
8
13
27
30
18
1
21
33
18
48
49
33
1
30
44
38
2
13
45
43
42
21
1
13
18
